

































































67
66
67

71
72
71









66
67
66

67
69
67









66
64
66

71
72
71









66
64
66













67
66
67

71
72
71









66
67
66

67
69
67









66
64
66

71
72
71









66
64
66











76





71









74





71









78





71









78





69









7179





6776









7179





6774









7178





6674









6978





6674









71
76
83
71
76
83
71
76
83
71
76
83
71
76
72
76
71
74
83
71
74
83
71
74
83
71
74
83
71
74
69
74
66
71
78
66
71
78
66
71
78
66
71
78
66
71
67
71
69
74
81
69
74
81
69
74
81
69
74
81
69
74
67
74
71
76
83
71
76
83
71
76
83
71
76
83
71
76
72
76
71
74
83
71
74
83
71
74
83
71
74
83
71
74
69
74
66
71
78
66
71
78
66
71
78
66
71
78
66
71
67
71
69
74
81
69
74
81
69
74
81
69
74
81
69
74
67
74


79
78
79

83
84
83









78
79
78

79
81
79









78
76
78

83
84
83









78
76
78













79
78
79

83
84
83









78
79
78

79
81
79









78
76
78

83
84
83









78
76
78











88





83









86





83









90





83









90





81









8391





7988









8391





7986









8390





7886









8190





7886









83
88
95
83
88
95
83
88
95
83
88
95
83
88
84
88
83
86
95
83
86
95
83
86
95
83
86
95
83
86
81
86
78
83
90
78
83
90
78
83
90
78
83
90
78
83
79
83
81
86
93
81
86
93
81
86
93
81
86
93
81
86
79
86
83
88
95
83
88
95
83
88
95
83
88
95
83
88
84
88
83
86
95
83
86
95
83
86
95
83
86
95
83
86
81
86
78
83
90
78
83
90
78
83
90
78
83
90
78
83
79
83
81
86
93
81
86
93
81
86
93
81
86
93
81
86
93
91
8388






