354257















47505459















354247















47535659















42505459















3850

*





3547

*





3042



























*



35





54
59
62







35





54
59
62







35





54
59
62







35





54
59
62







30





54
58
64







30





54
58
64







35





54
59
62







35





54
59
62







33





57
61
67







33





57
61
67







38





57
62
66







38





35

596369







40





59
64
67







33





57
61
67







38





57
62
66







31





55
59
65







30





54
59
62







30





54
58
64







35





54
59
62







35





59
63
5969







4064





59
64
6267







3361





57
61
67







38





59
62
66





59
62
3166





55

59







30





54

59







30





54

5864







35





54
59
62







35





54
59
62







30





54
58
64







30





54
58
64







35





54
59
62







35





54
59
62







33





57
61
67







33





57
61
67







38





57
62
66







38





35

596369







40





59
64
67







33





57
61
67







38





57
62
66







31





55
59
65







30





54
59
62







30





54
58
64







35





54
59
62







35





59
63
5969







4064





59
64
6267







3361





57
61
67







3870





59
62
6671





59
62
3166





55
59
65







30





54
59
62







30





54
58
64







35





54
59
62







35





54
59
62







3042





54

58







3042





54
58
64







3547





54
59
62







3547





54
59
62







3345





57
61
67







3345





57
61
67







38





57

62







38





35

596369







40





59
64
67







33





57
61
67







38





57
62
66







31





55
59
65







3042





54

59







3042





54
58
64







3547





54
59
62







3547





57
59
63







2840





55
59
62







3345





55
61
64







38





57
62
66







31





55
59
65







3042





54

59







3042





54
58
64







3547





54

59







35







54596266







3042







5455586164







3042







5455586164







2335







5455596265







2335







5455596265







2133







5559626469







2133







5559616469







2638







54576266







2638





2335

5759636971







2840







55596267







2133







5559616469







2638







57626669







3143







5557596265







3042







545962







505459





3042

545864







2335







54596266







3542





3547

5759636971







2840







555962







2133







5559616469







2638







54576266







3143







5557596265







3042







545962







505459







3042







2335







505459







*



*



30





54
58
64







30





54
58
64







35





54
59
62







35





54
59
62







33





57
61
67







33





57
61
67







38





57
62
66







38





35

596369







40





59
64
67







33





57
61
67







38





57
62
66







31





55
59
65







30





54
59
62







30





54
58
64







35





54
59
62







35





59
63
5969







4064





59
64
6267







3361





57
61
67







38





59
62
66





59
62
3166





55

59







30





54

59







30





54

5864







35







545962



























*


