62667174















626671















62656874















62656871















66717478















62667174

*





59626671

*





5458616466



























*























































66



71





73

70



















66



73





74

71



















66



74





76

74





76

73











69



76





78

76







74











78



78





79

76



















76



76





78

76







74











71



71



73



74





71

66











73



78





73

73







74











78



78





79

76



















76



76





78

76







74











71



71



73



74





71

66











73



73





74

5971



















66



71





73

70



















66



73





74

71



















66



74





76

74





76

73











69



76





78

76







74











78



78





79

76



















76



76





78

76







74











71



71



73



74





71

66











73



78





73

73







74











78



78





79

76



















76



76





78

76







74











71



71



73



74





71

66











73



73





74

71



















66



71





73

70



















66



73





74

71



















66



74





76

74





76

73











*



76





78

76







74











78



78





79

76



















76



76





78

76







74











71



71





73

74





71

66











73



78





73

73







74











78



78





79

6776



















76



76





78

76







74











71



71





73

74





71

66











73



73





74

71



















6678



7183





7385

7082



















6678



7385





7486

7183



















6678



7486





7688

7486





7688

7385











6981



7688





7890

7688







7486











7890



7890





7991

7688



















7688



7688





7890

7688







7486











7183



7183



7385



7486





7183

6678











7385



7890





7385

7385







7486











819093



819093





839195

798891







717479







747983



798891



798891





819093

798891







788690







5759626671



717483



717483



737685



747886





7183

667178







71







64667076







66667174



















66



71





73

70



















66



73





74

71



















66



74





76

74





76

73











69



76





78

76







74











78



78





79

76



















76



76





78

76







74











71



71



73



74





71

66











73



78





73

73







74











78



78





79

76



















76



76





78

76







74











71



71



73



74





71

66











61



61





62

59



























*


