6063



6063



6063



6063



6063



6063



6063



6063



5962



5962



5962



5962



5861



5861



5861



5861



5760



5760



5760



5760



5659



5659



5659



5659



5558



5558



5558



5558



5458



5458



5357



5357



5155



5155



5155



5155



6165



6165



6165



6165



6064



6064



6064



6064



5963



5963



5963



5963



5862



5862



5862



5862



5763



5763



5763



5763



5662



5662



5662



5662



5662



5660



5458



5357



5155



5155



5155



5155



63







63







62







62







61







61







60







60







59







59







58







58







57







56







55







*









5658



5658

*

5558



5558

*

5458



5458

*

5357



5357

*

5155



5155

*

4953



4953

4855













