















72







67







67

68

67

68

65







65

67

65

67

65



67



63















63







67







65

63

62

63

60







60

63

62

63

60



63



60















67







70







70

72

70

72

68







68

70

68

70

67



68



65















67







60







67

65

67

65

60







67



65



63



61

63

60















72







79







79

80

79

80

77







77

79

77

79

77



79



75











72

74

75







79





77
79
77

75

74

75

72







72

74

75

74

77

75

74

72

72







57



58



60







60







60

63

62

63

60







60

62

63

62

60



58



60







7279





