69
.

67
.

65
67
65
64
.
57
64
.
57
60
.
60
59
60
59
57
.

69
.

69
.

69
.

69
.

69
.

64
.

64
.

626871
.

81

81
76

76
81

81
76


76

76
77

77
77
79
77
76


76

76
76

74
74

74
74

72
72

72
71

71
71
72
71
69
.

81

81
76

76
81

81
76


76

76
77

77
77
79
77
76


76

76
76

74
74

74
74

72
72

74
76
77
76
74
72
71
69
.

81

83
84
83
84
86
84
83
84
83
84
86
84
83
84
83
81
80
81
83
81
.

69

71
72
71
72
74
72
74
76
74
76
77
76
74
72
71
69
68
69
71
69
.

81

83
84
83
84
86
84
83
84
83
84
86
84
83
84
83
81
80
81
83
81
.

69

71
72
71
72
74
72
74
76
74
76
77
76
74
72
71
69
68
69
71
69
.

81

81
76

76
81

81
76


76

76
77

77
77
79
77
76


76

76
76

74
74

74
74

72
72

72
71

71
71
72
71
69
.

81

81
76

76
81

81
76


76

76
77

77
77
79
77
76


76

76
76

74
74

74
74

72
72

74
76
77
76
74
72
71
69
.

72
76
77
79
78
79
81
.
81
79

77
74

76
77
76
77
79
.
77
76


60
64
65
67
66
67
69
.
69
67

65
62

64
65
64
65
67
.
65
64


76

76
76

74
74

74
74

72
72

74
76
77
76
74
72
71
69


72
76
77
79
78
79
81
.
81
79

77
74

76
77
76
77
79
.
77
76


60
64
65
67
66
67
69
.
69
67

65
62

64
65
64
65
67
.
65
64


76

76
76

74
74

74
74

72
72

74
76
77
76
74
72
71
69
.

69
.

67
.

65
67
65
64
.
64
69
.
69
72
.
72
71
72
71
69
.

76
77
76
74
76
74
72
74
72
71
72
71
69
71
69
67
69
67
65
67
65
64
.

64
66
64
63

64
69

61
64

62
62
64
62
61

62
66

64
61


76
78
76
75

76
81

73
76

74
74
76
74
73
69
74
78

76
73


64

66
68

68
69

68
68

66
63

64
66

66
68

66
64


61

63
64

64
66

64
64

63
69

69
63

63
68

68
61


76

78
80

80
81

80
80

78
75

76
78

78
80

78
76


73

75
76

76
78

76
76

75
81

81
75

75
80

80
73


61

62
64

55
55

55
55

54
57

57
57

55
59

59
57


61

62
64

59
64

59
62

57
62

57
64
66
67
69
71
73
74
.

74
.

72
.

70
72
70
69
.

74
.

77
.

76
77
76
74
.

69
.

69
.

69
.

69
.

69
.

64
.

64
.

626871
.

81

81
76

76
81

81
76


76

76
77

77
77
79
77
76


76

76
76

74
74

74
74

72
72

72
71

71
71
72
71
69
.

81

81
76

76
81

81
76


76

76
77

77
77
79
77
76


76

76
76

74
74

74
74

72
72

74
76
77
76
74
72
71
69
.

69
71
72
70
72
74
76
78
80
81
.

81
83
84
82
84
86
88
90
92
93
.

81
83
84
5769


6981
.

5365


6577
.

6476
.
6476
6880
.
6880
6981
.

69
71
72
5769


6981
.

5365


6577
.

6476
.
6476
6880
.
6880
6981
.

7176
.

7681
.



